#Rho(as)   contrast
#short caption: HST ACS: 5 sigma contrast curve from Arcturus observation with 1.8" occulter. (source: J. Krist, private communication)
#full description: TBD: filter, post-processing, observing params
#references
#possibly http://www.stsci.edu/hst/acs/documents/handbooks/current/c06_pol3.html#375785
1.00000  1.80115e-06
1.02500  1.44723e-06
1.05000  1.08647e-06
1.07500  8.71099e-07
1.10000  6.33292e-07
1.12500  6.75498e-07
1.15000  6.91214e-07
1.17500  5.47350e-07
1.20000  4.88543e-07
1.22500  4.82159e-07
1.25000  4.23745e-07
1.27500  4.02726e-07
1.30000  2.89399e-07
1.32500  2.45967e-07
1.35000  2.19068e-07
1.37500  2.07392e-07
1.40000  1.72923e-07
1.42500  1.67449e-07
1.45000  1.46448e-07
1.47500  1.27679e-07
1.50000  1.00737e-07
1.52500  1.25335e-07
1.55000  1.39488e-07
1.57500  1.14799e-07
1.60000  1.06727e-07
1.62500  1.05589e-07
1.65000  8.16142e-08
1.67500  8.33004e-08
1.70000  6.98619e-08
1.72500  6.81575e-08
1.75000  7.24510e-08
1.77500  7.55976e-08
1.80000  7.15124e-08
1.82500  5.57749e-08
1.85000  5.89040e-08
1.87500  5.38189e-08
1.90000  5.08993e-08
1.92500  4.77168e-08
1.95000  4.88588e-08
1.97500  5.32253e-08
2.00000  5.44388e-08
2.02500  5.77376e-08
2.05000  5.06532e-08
2.07500  4.82160e-08
2.10000  4.57354e-08
2.12500  4.25591e-08
2.15000  4.38475e-08
2.17500  4.07751e-08
2.20000  3.61751e-08
2.22500  3.99201e-08
2.25000  4.11746e-08
2.27500  3.89847e-08
2.30000  3.43445e-08
2.32500  3.28065e-08
2.35000  3.26894e-08
2.37500  3.05904e-08
2.40000  2.78450e-08
2.42500  2.77047e-08
2.45000  2.86074e-08
2.47500  2.59790e-08
2.50000  2.15795e-08
2.52500  2.27912e-08
2.55000  2.29207e-08
2.57500  2.15454e-08
2.60000  2.08949e-08
2.62500  1.83077e-08
2.65000  1.91438e-08
2.67500  1.89095e-08
2.70000  1.74335e-08
2.72500  1.54588e-08
2.75000  1.59462e-08
2.77500  1.20195e-08
2.80000  1.16825e-08
2.82500  1.14823e-08
2.85000  1.09985e-08
2.87500  1.12189e-08
2.90000  1.12061e-08
2.92500  1.08252e-08
2.95000  9.96156e-09
2.97500  1.03142e-08
3.00000  1.01851e-08
3.02500  1.00655e-08
3.05000  8.89005e-09
3.07500  8.99386e-09
3.10000  8.27899e-09
3.12500  8.36025e-09
3.15000  8.31872e-09
3.17500  7.75573e-09
3.20000  7.90491e-09
3.22500  7.60576e-09
3.25000  7.12088e-09
3.27500  7.19907e-09
3.30000  6.94105e-09
3.32500  6.66970e-09
3.35000  6.64941e-09
3.37500  6.48152e-09
3.40000  6.47513e-09
3.42500  6.13764e-09
3.45000  6.08867e-09
3.47500  5.72234e-09
3.50000  5.69459e-09
3.52500  5.67110e-09
3.55000  5.47955e-09
3.57500  5.32819e-09
3.60000  4.98357e-09
3.62500  4.99569e-09
3.65000  5.59973e-09
3.67500  5.88788e-09
3.70000  5.19504e-09
3.72500  5.09404e-09
3.75000  5.13720e-09
3.77500  5.05285e-09
3.80000  4.70603e-09
3.82500  4.44871e-09
3.85000  4.50989e-09
3.87500  4.36547e-09
3.90000  4.58274e-09
3.92500  4.31862e-09
3.95000  4.03622e-09
3.97500  3.98453e-09
4.00000  4.26095e-09
4.02500  4.15230e-09
4.05000  4.23449e-09
4.07500  4.04513e-09
4.10000  4.06550e-09
4.12500  3.96416e-09
4.15000  4.04351e-09
4.17500  3.95874e-09
4.20000  3.79434e-09
4.22500  3.66331e-09
4.25000  3.62293e-09
4.27500  3.28678e-09
4.30000  3.63701e-09
4.32500  3.57611e-09
4.35000  3.36313e-09
4.37500  3.59261e-09
4.40000  3.51269e-09
4.42500  3.47166e-09
4.45000  3.52249e-09
4.47500  3.34039e-09
4.50000  3.50971e-09
4.52500  3.21473e-09
4.55000  3.20272e-09
4.57500  3.40647e-09
4.60000  3.42543e-09
4.62500  3.33953e-09
4.65000  3.15142e-09
4.67500  3.19160e-09
4.70000  3.13074e-09
4.72500  2.94665e-09
4.75000  3.21365e-09
4.77500  3.09601e-09
4.80000  3.07435e-09
4.82500  2.89943e-09
4.85000  3.41678e-09
4.87500  3.12504e-09
4.90000  3.02846e-09
4.92500  2.87613e-09
4.95000  2.97629e-09
4.97500  3.17542e-09
5.00000  2.87472e-09
5.02500  2.75495e-09
5.05000  2.77662e-09
5.07500  2.93345e-09
5.10000  2.76341e-09
5.12500  2.68826e-09
5.15000  2.77343e-09
5.17500  2.72329e-09
5.20000  2.74170e-09
5.22500  2.60110e-09
5.25000  2.68126e-09
5.27500  2.62525e-09
5.30000  2.39386e-09
5.32500  2.52712e-09
5.35000  2.46950e-09
5.37500  2.57998e-09
5.40000  2.75272e-09
5.42500  2.83137e-09
5.45000  2.35452e-09
5.47500  2.29660e-09
5.50000  2.29547e-09
5.52500  2.38927e-09
5.55000  2.28992e-09
5.57500  2.17878e-09
5.60000  2.23555e-09
5.62500  2.46566e-09
5.65000  2.33371e-09
5.67500  2.19018e-09
5.70000  2.17589e-09
5.72500  2.23839e-09
5.75000  2.42480e-09
5.77500  2.36506e-09
5.80000  2.17793e-09
5.82500  2.20367e-09
5.85000  2.23759e-09
5.87500  2.21881e-09
5.90000  2.27461e-09
5.92500  2.17063e-09
5.95000  2.17694e-09
5.97500  2.25783e-09
6.00000  2.21237e-09
